1760473386.576589
1760473376.374939
1760473094.117019
1760473089.463309
1760472950.435229
1760472879.316719
1760471820.512449
1760471810.047809
1760471064.726519
1760471008.890119
1760470691.940299
1760469450.021149
1760468121.232279
1760467897.982309
1760467781.213039
1760466041.554849
1760466020.822289
1760466013.320629
1760474045.274549
1760474081.542479
1760474065.652629
1760474241.599949
1760474224.937029
1760474288.901899
1760474263.678519
1760474851.376909
1760474844.305949
1760474837.299869
1760474937.188849
1760475025.100079
1760474960.005649
1760475835.962189
1760475822.478899
1760475816.790139
1760476130.388979
1760476655.397849
1760476645.136729
1760496191.267209
1760496183.238539
1760497821.289629
1760498783.951459
1760498674.165859
1760499124.476879
1760499528.881279
1760500520.362539
